([0], 0.0)
([1], 0.0)
([2], 0.0)
([3], 0.0)
([4], 0.0)
([1, 2], 1.4142135623730951)
([0, 1], 2.23606797749979)
([0, 2], 2.23606797749979)
([0, 1, 2], 2.23606797749979)
([2, 3], 2.8284271247461903)
([1, 3], 3.1622776601683795)
([1, 2, 3], 3.1622776601683795)
([2, 4], 4.47213595499958)
([0, 3], 5.0)
([0, 1, 3], 5.0)
([0, 2, 3], 5.0)
([0, 1, 2, 3], 5.0)
([0, 4], 5.0)
([0, 2, 4], 5.0)
([1, 4], 5.830951894845301)
([0, 1, 4], 5.830951894845301)
([1, 2, 4], 5.830951894845301)
([0, 1, 2, 4], 5.830951894845301)
([3, 4], 6.0)
([0, 3, 4], 6.0)
([1, 3, 4], 6.0)
([0, 1, 3, 4], 6.0)
([2, 3, 4], 6.0)
([0, 2, 3, 4], 6.0)
([1, 2, 3, 4], 6.0)
([0, 1, 2, 3, 4], 6.0)
Deprecated parameter. It has been replaced by max_intervals
